0 0 0 0 0 0 0 0 0 0 0 0 0 0 0 0 0 0 0 0 0 0 0 0 0 0 0 0 0 0 0 0 0 0 0 0 0 0 0 0 0 0 0 0 0 0 0 0 0 0 0 0 0 0 0 0 0 0 0 0 0 0 0 0 0 0 0 0 0 0 0 0 0 0 0 0 0 0 0 0 0 0 0 0 0 0 0 0 0 0 0 0 0 0 0 0 0 0 0 0 0 
0 0 0 0 0 0 0 0 0 0 0 0 0 0 0 0 0 0 0 0 0 0 0 0 0 0 0 0 0 0 0 0 0 0 0 0 0 0 0 0 0 0 0 0 0 0 0 0 0 0 0 0 0 0 0 0 0 0 0 0 0 0 0 0 0 0 0 0 0 0 0 0 0 0 0 0 0 0 0 0 0 0 0 0 0 0 0 0 0 0 0 0 0 0 0 0 0 0 0 0 0 
0 0 0 0 0 0 0 0 0 0 0 0 0 0 0 0 0 0 0 0 0 0 0 0 0 0 0 0 0 0 0 0 0 0 0 0 0 0 0 0 0 0 0 0 0 0 0 0 0 0 0 0 0 0 0 0 0 0 0 0 0 0 0 0 0 0 0 0 0 0 0 0 0 0 0 0 0 0 0 0 0 0 0 0 0 0 0 0 0 0 0 0 0 0 0 0 0 0 0 0 0 
0 0 0 0 0 0 0 0 0 0 0 0 0 0 0 0 0 0 0 0 0 0 0 0 0 0 0 0 0 0 0 0 0 0 0 0 0 0 0 0 0 0 0 0 0 0 0 0 0 0 0 0 0 0 0 0 0 0 0 0 0 0 0 0 0 0 0 0 0 0 0 0 0 0 0 0 0 0 0 0 0 0 0 0 0 0 0 0 0 0 0 0 0 0 0 0 0 0 0 0 0 
0 0 0 0 0 0 0 0 0 0 0 0 0 0 0 0 0 0 0 0 0 0 0 0 0 0 0 0 0 0 0 0 0 0 0 0 0 0 0 0 0 0 0 0 0 0 0 0 0 0 0 0 0 0 0 0 0 0 0 0 0 0 0 0 0 0 0 0 0 0 0 0 0 0 0 0 0 0 0 0 0 0 0 0 0 0 0 0 0 0 0 0 0 0 0 0 0 0 0 0 0 
0 0 0 0 0 0 0 0 0 0 0 0 0 0 0 0 0 0 0 0 0 0 0 0 0 0 0 0 0 0 0 0 0 0 0 0 0 0 0 0 0 0 0 0 0 0 0 0 0 0 0 0 0 0 0 0 0 0 0 0 0 0 0 0 0 0 0 0 0 0 0 0 0 0 0 0 0 0 0 0 0 0 0 0 0 0 0 0 0 0 0 0 0 0 0 0 0 0 0 0 0 
0 0 0 0 0 0 0 0 0 0 0 0 0 0 0 0 0 0 0 0 0 0 0 0 0 0 0 0 0 0 0 0 0 0 0 0 0 0 0 0 0 0 0 0 0 0 0 0 0 0 0 0 0 0 0 0 0 0 0 0 0 0 0 0 0 0 0 0 0 0 0 0 0 0 0 0 0 0 0 0 0 0 0 0 0 0 0 0 0 0 0 0 0 0 0 0 0 0 0 0 0 
0 0 0 0 0 0 0 0 0 0 0 0 0 0 0 0 0 0 0 0 0 0 0 0 0 0 0 0 0 0 0 0 0 0 0 0 0 0 0 0 0 0 0 0 0 0 0 0 0 0 0 0 0 0 0 0 0 0 0 0 0 0 0 0 0 0 0 0 0 0 0 0 0 0 0 0 0 0 0 0 0 0 0 0 0 0 0 0 0 0 0 0 0 0 0 0 0 0 0 0 0 
0 0 0 0 0 0 0 0 0 0 0 0 0 0 0 0 0 0 0 0 0 0 0 0 0 0 0 0 0 0 0 0 0 0 0 0 0 0 0 0 0 0 0 0 0 0 0 0 0 0 0 0 0 0 0 0 0 0 0 0 0 0 0 0 0 0 0 0 0 0 0 0 0 0 0 0 0 0 0 0 0 0 0 0 0 0 0 0 0 0 0 0 0 0 0 0 0 0 0 0 0 
0 0 0 0 0 0 0 0 0 0 0 0 0 0 0 0 0 0 0 0 0 0 0 0 0 0 0 0 0 0 0 0 0 0 0 0 0 0 0 0 0 0 0 0 0 0 0 0 0 0 0 0 0 0 0 0 0 0 0 0 0 0 0 0 0 0 0 0 0 0 0 0 0 0 0 0 0 0 0 0 0 0 0 0 0 0 0 0 0 0 0 0 0 0 0 0 0 0 0 0 0 
0 0 0 0 0 0 0 0 0 0 0 0 0 0 0 0 0 0 0 0 0 0 0 0 0 0 0 0 0 0 0 0 0 0 0 0 0 0 0 0 0 0 0 0 0 0 0 0 0 0 0 0 0 0 0 0 0 0 0 0 0 0 0 0 0 0 0 0 0 0 0 0 0 0 0 0 0 0 0 0 0 0 0 0 0 0 0 0 0 0 0 0 0 0 0 0 0 0 0 0 0 
0 0 0 0 0 0 0 0 0 0 0 0 0 0 0 0 0 0 0 0 0 0 0 0 0 0 0 0 0 0 0 0 0 0 0 0 0 0 0 0 0 0 0 0 0 0 0 0 0 0 0 0 0 0 0 0 0 0 0 0 0 0 0 0 0 0 0 0 0 0 0 0 0 0 0 0 0 0 0 0 0 0 0 0 0 0 0 0 0 0 0 0 0 0 0 0 0 0 0 0 0 
0 0 0 0 0 0 0 0 0 0 0 0 0 0 0 0 0 0 0 0 0 0 0 0 0 0 0 0 0 0 0 0 0 0 0 0 0 0 0 0 0 0 0 0 0 0 0 0 0 0 0 0 0 0 0 0 0 0 0 0 0 0 0 0 0 0 0 0 0 0 0 0 0 0 0 0 0 0 0 0 0 0 0 0 0 0 0 0 0 0 0 0 0 0 0 0 0 0 0 0 0 
0 0 0 0 0 0 0 0 0 0 0 0 0 0 0 0 0 0 0 0 0 0 0 0 0 0 0 0 0 0 0 0 0 0 0 0 0 0 0 0 0 0 0 0 0 0 0 0 0 0 0 0 0 0 0 0 0 0 0 0 0 0 0 0 0 0 0 0 0 0 0 0 0 0 0 0 0 0 0 0 0 0 0 0 0 0 0 0 0 0 0 0 0 0 0 0 0 0 0 0 0 
0 0 0 0 0 0 0 0 0 0 0 0 0 0 0 0 0 0 0 0 0 0 0 0 0 0 0 0 0 0 0 0 0 0 0 0 0 0 0 0 0 0 0 0 0 0 0 0 0 0 0 0 0 0 0 0 0 0 0 0 0 0 0 0 0 0 0 0 0 0 0 0 0 0 0 0 0 0 0 0 0 0 0 0 0 0 0 0 0 0 0 0 0 0 0 0 0 0 0 0 0 
0 0 0 0 0 0 0 0 0 0 0 0 0 0 0 0 0 0 0 0 0 0 0 0 0 0 0 0 0 0 0 0 0 0 0 0 0 0 0 0 0 0 0 0 0 0 0 0 0 0 0 0 0 0 0 0 0 0 0 0 0 0 0 0 0 0 0 0 0 0 0 0 0 0 0 0 0 0 0 0 0 0 0 0 0 0 0 0 0 0 0 0 0 0 0 0 0 0 0 0 0 
0 0 0 0 0 0 0 0 0 0 0 0 0 0 0 0 0 0 0 0 0 0 0 0 0 0 0 0 0 0 0 0 0 0 0 0 0 0 0 0 0 0 0 0 0 0 0 0 0 0 0 0 0 0 0 0 0 0 0 0 0 0 0 0 0 0 0 0 0 0 0 0 0 0 0 0 0 0 0 0 0 0 0 0 0 0 0 0 0 0 0 0 0 0 0 0 0 0 0 0 0 
0 0 0 0 0 0 0 0 0 0 0 0 0 0 0 0 0 0 0 0 0 0 0 0 0 0 0 0 0 0 0 0 0 0 0 0 0 0 0 0 0 0 0 0 0 0 0 0 0 0 0 0 0 0 0 0 0 0 0 0 0 0 0 0 0 0 0 0 0 0 0 0 0 0 0 0 0 0 0 0 0 0 0 0 0 0 0 0 0 0 0 0 0 0 0 0 0 0 0 0 0 
0 0 0 0 0 0 0 0 0 0 0 0 0 0 0 0 0 0 0 0 0 0 0 0 0 0 0 0 0 0 0 0 0 0 0 0 0 0 0 0 0 0 0 0 0 0 0 0 0 0 0 0 0 0 0 0 0 0 0 0 0 0 0 0 0 0 0 0 0 0 0 0 0 0 0 0 0 0 0 0 0 0 0 0 0 0 0 0 0 0 0 0 0 0 0 0 0 0 0 0 0 
0 0 0 0 0 0 0 0 0 0 0 0 0 0 0 0 0 0 0 0 0 0 0 0 0 0 0 0 0 0 0 0 0 0 0 0 0 0 0 0 0 0 0 0 0 0 0 0 0 0 0 0 0 0 0 0 0 0 0 0 0 0 0 0 0 0 0 0 0 0 0 0 0 0 0 0 0 0 0 0 0 0 0 0 0 0 0 0 0 0 0 0 0 0 0 0 0 0 0 0 0 
0 0 0 0 0 0 0 0 0 0 0 0 0 0 0 0 0 0 0 0 0 0 0 0 0 0 0 0 0 0 0 0 0 0 0 0 0 0 0 0 0 0 0 0 0 0 0 0 0 0 0 0 0 0 0 0 0 0 0 0 0 0 0 0 0 0 0 0 0 0 0 0 0 0 0 0 0 0 0 0 0 0 0 0 0 0 0 0 0 0 0 0 0 0 0 0 0 0 0 0 0 
0 0 0 0 0 0 0 0 0 0 0 0 0 0 0 0 0 0 0 0 0 0 0 0 0 0 0 0 0 0 0 0 0 0 0 0 0 0 0 0 0 0 0 0 0 0 0 0 0 0 0 0 0 0 0 0 0 0 0 0 0 0 0 0 0 0 0 0 0 0 0 0 0 0 0 0 0 0 0 0 0 0 0 0 0 0 0 0 0 0 0 0 0 0 0 0 0 0 0 0 0 
0 0 0 0 0 0 0 0 0 0 0 0 0 0 0 0 0 0 0 0 0 0 0 0 0 0 0 0 0 0 0 0 0 0 0 0 0 0 0 0 0 0 0 0 0 0 0 0 0 0 0 0 0 0 0 0 0 0 0 0 0 0 0 0 0 0 0 0 0 0 0 0 0 0 0 0 0 0 0 0 0 0 0 0 0 0 0 0 0 0 0 0 0 0 0 0 0 0 0 0 0 
0 0 0 0 0 0 0 0 0 0 0 0 0 0 0 0 0 0 0 3.363637E-06 3.363637E-05 0.0001056584 0.0001618568 0.0001472289 9.460641E-05 4.63198E-05 1.385683E-05 1.385683E-06 0 0 0 0 0 0 0 0 0 0 0 0 0 0 0 0 0 0 0 0 0 0 0 0 0 0 0 0 0 0 0 0 0 0 0 0 0 0 0 0 0 0 0 0 0 0 0 0 0 0 0 0 0 0 0 0 0 0 0 0 0 0 0 0 0 0 0 0 0 0 0 0 0 
0 0 0 0 0 0 0 0 0 0 0 0 0 0 0 0 0 0 0 3.363657E-05 0.0003363645 0.001056591 0.001618578 0.001472299 0.0009460698 0.0004632008 0.0001385691 1.385703E-05 0 0 0 0 0 0 0 0 0 0 0 0 0 0 0 0 0 0 0 0 0 0 0 0 0 0 0 0 0 0 0 0 0 0 0 0 0 0 0 0 0 0 0 0 0 0 0 0 0 0 0 0 0 0 0 0 0 0 0 0 0 0 0 0 0 0 0 0 0 0 0 0 0 
0 0 0 0 0 0 0 0 0 0 0 0 0 0 0 5.888146E-07 5.888146E-06 6.64538E-05 0.0005079166 0.001744634 0.004448258 0.008832149 0.01210236 0.011619 0.008673606 0.00510887 0.002142859 0.0006600132 0.000167566 1.67566E-05 0 0 0 0 0 0 0 2.505046E-06 2.505046E-05 7.867684E-05 0.000120426 0.0001092889 6.99481E-05 3.413747E-05 1.020401E-05 1.020403E-06 0 0 0 0 0 0 0 0 0 0 0 0 0 0 0 0 0 0 0 0 0 0 0 0 0 0 0 0 0 0 0 0 0 0 0 0 0 0 0 0 0 0 0 0 0 0 0 0 0 0 0 0 0 0 0 
0 0 0 0 0 0 0 0 0 0 0 0 0 0 0 5.888146E-06 5.888145E-05 0.000664538 0.005079166 0.01655161 0.03553528 0.06021619 0.07796938 0.07702685 0.06157061 0.03876756 0.01774265 0.006231533 0.00167566 0.000167566 0 0 0 0 0 0 0 2.505046E-05 0.0002505046 0.0007867684 0.00120426 0.001092889 0.0006994809 0.0003413747 0.0001020401 1.020403E-05 0 0 0 0 0 0 0 0 0 0 0 0 0 0 0 0 0 0 0 0 0 0 0 0 0 0 0 0 0 0 0 0 0 0 0 0 0 0 0 0 0 0 0 0 0 0 0 0 0 0 0 0 0 0 0 
0 0 0 0 0 0 0 0 0 0 0 0 0 0 0 3.926439E-05 0.0003926439 0.002948 0.01903577 0.05939596 0.1217837 0.1973828 0.250928 0.2498006 0.2037039 0.1312626 0.06230763 0.02300519 0.006325432 0.0006482055 5.888128E-06 5.888128E-07 0 6.592978E-06 6.592978E-05 0.0002990189 0.001236456 0.003402875 0.00687754 0.01131526 0.01426946 0.01351678 0.01027438 0.006267561 0.00282971 0.0009818649 0.000262742 2.62742E-05 0 0 0 0 0 0 0 0 0 1.865424E-09 1.865424E-08 5.782817E-08 8.207864E-08 5.782814E-08 1.865424E-08 1.865424E-09 0 0 0 0 0 0 0 0 0 0 0 0 0 0 0 0 0 0 0 0 0 0 0 0 0 0 0 0 0 0 0 0 0 0 0 0 0 
0 0 0 0 0 0 0 0 0 0 0 0 0 0 0 0.00023602 0.0023602 0.0118033 0.05525213 0.1566152 0.301877 0.4640452 0.5761781 0.577244 0.4816091 0.3217274 0.1631838 0.06549969 0.01868184 0.002024809 5.888163E-05 5.888146E-06 0 6.592998E-05 0.0006592998 0.002990193 0.0123646 0.03336251 0.06211217 0.09222484 0.1106616 0.1060973 0.0841379 0.0535952 0.02558291 0.009547255 0.002627428 0.0002627428 0 0 0 0 0 0 0 0 0 1.86543E-08 1.86543E-07 5.782834E-07 8.20789E-07 5.782832E-07 1.86543E-07 1.865429E-08 0 0 0 0 0 0 0 0 0 0 0 0 0 0 0 0 0 0 0 0 0 0 0 0 0 0 0 0 0 0 0 0 0 0 0 0 0 
0 0 0 0 0 0 0 0 0 0 0 0 0 0 0 0.0007176609 0.007176609 0.03152241 0.1243273 0.328618 0.6037249 0.8882363 1.07996 1.08756 0.9256024 0.6383291 0.342122 0.1460067 0.04272021 0.004834798 0.0002115709 2.451117E-05 3.354132E-05 0.0004725593 0.003833392 0.01501492 0.05110065 0.1261046 0.2234404 0.3191781 0.3759271 0.3618743 0.2921324 0.1915594 0.09655722 0.03895912 0.01164306 0.001673802 0.0001915399 1.915399E-05 0 2.561057E-08 2.561057E-07 3.905327E-05 0.0003837202 0.001304049 0.002855815 0.004946992 0.00681271 0.007665459 0.007254713 0.005560369 0.00340786 0.00165714 0.0005297445 8.132411E-05 1.065784E-05 1.065784E-06 0 0 0 0 0 0 0 0 0 0 0 0 0 0 0 0 0 0 0 0 0 0 0 0 0 0 0 0 0 0 0 0 0 
0 0 0 0 0 0 0 0 0 0 0 0 0 0 0 0.00141098 0.01410979 0.0590976 0.2156571 0.5488467 0.980104 1.402378 1.681275 1.699155 1.466225 1.034133 0.5753292 0.2552156 0.07611459 0.009073012 0.0005494566 8.848687E-05 0.0003354129 0.002971851 0.02079652 0.07061002 0.1821078 0.3757831 0.6040235 0.8070802 0.9204891 0.8916789 0.7441381 0.5196748 0.2939481 0.1365222 0.04654096 0.009749047 0.001915395 0.0001915395 0 2.561053E-07 2.561052E-06 0.0003905319 0.003837195 0.01304046 0.02855811 0.04946934 0.06812201 0.07663907 0.07252517 0.05558822 0.03407358 0.01657088 0.005297435 0.0008132398 0.0001065782 1.065782E-05 0 0 0 0 0 0 0 0 0 0 0 0 0 0 0 0 0 0 0 0 0 0 0 0 0 0 0 0 0 0 0 0 0 
0 0 0 0 0 0 0 0 0 0 0 0 0 0 0 0.002191382 0.02191382 0.08968383 0.3139333 0.7813569 1.37032 1.924171 2.284417 2.315282 2.019051 1.449347 0.8297259 0.3787317 0.1148605 0.01447194 0.00112252 0.0002903667 0.001781147 0.01132839 0.06590532 0.2065456 0.4674076 0.8622591 1.289406 1.633513 1.812851 1.765685 1.516623 1.116576 0.6879034 0.3497099 0.1301002 0.03292401 0.007493225 0.0007551194 5.063638E-06 0.0001057097 0.0009753107 0.004578688 0.02010445 0.05648056 0.113847 0.1874112 0.2515724 0.28026 0.2653922 0.2065008 0.1308075 0.06690323 0.02390021 0.005370318 0.001120416 0.0001120415 0 0 0 0 0 0 0 0 0 0 0 0 0 0 0 0 0 0 0 0 0 0 0 0 0 0 0 0 0 0 0 0 0 
0 0 0 0 0 0 0 0 0 0 0 0 0 0 0 0.002820639 0.02820639 0.114711 0.3968237 0.9808407 1.70798 2.378572 2.812645 2.858032 2.509616 1.822101 1.062043 0.4932502 0.1511819 0.01973244 0.001734684 0.001062415 0.008889468 0.03997103 0.1632503 0.4474931 0.9062167 1.521668 2.143736 2.612854 2.845086 2.7823 2.445524 1.885319 1.250274 0.6929489 0.291702 0.09278406 0.02398261 0.002456231 5.063628E-05 0.001050283 0.009684966 0.03539862 0.09897477 0.2179284 0.3788226 0.5582262 0.7036906 0.7640463 0.7248199 0.5864083 0.4017323 0.2282475 0.09808999 0.03207091 0.008369157 0.0008369157 0 0 0 0 0 0 0 0 0 0 0 0 0 0 0 0 0 0 0 0 0 0 0 0 0 0 0 0 0 0 0 0 0 
0 0 0 0 0 0 0 0 0 0 0 0 0 0 0 0.003090024 0.03090024 0.1266794 0.4448512 1.107942 1.93593 2.702097 3.202018 3.262483 2.875162 2.099255 1.234244 0.5779625 0.1780841 0.0236686 0.00223001 0.002943725 0.026491 0.1035998 0.3337716 0.8057132 1.474598 2.259618 2.997647 3.527199 3.778952 3.709063 3.334415 2.696645 1.925191 1.16389 0.5551724 0.2107615 0.05953462 0.006974164 0.001036969 0.005531811 0.03690479 0.1217462 0.2948739 0.580199 0.9279607 1.273198 1.533406 1.63266 1.552047 1.294563 0.9376349 0.5696452 0.2702821 0.101589 0.02843995 0.003176897 0.0001251507 1.251509E-05 0 0 0 0 0 0 0 0 0 0 0 0 0 0 0 0 0 0 0 0 0 2.433724E-06 2.433724E-05 7.592248E-05 0.0001118529 9.022967E-05 4.532122E-05 1.721796E-05 4.769109E-06 4.76908E-07 0 
0 0 0 0 0 0 0 0 0 0 0 0 0 0 0 0.003081414 0.03081414 0.128234 0.4626877 1.168358 2.058145 2.893301 3.446378 3.522738 3.113172 2.28206 1.349857 0.6359302 0.1970273 0.02680527 0.002939386 0.00677459 0.05764432 0.2078758 0.5697676 1.231089 2.072469 2.94223 3.702039 4.228115 4.470658 4.39999 4.033186 3.402919 2.588709 1.69255 0.9043939 0.3942165 0.1241242 0.02107744 0.009022759 0.02740283 0.1116503 0.3098486 0.649996 1.140131 1.688615 2.188953 2.545153 2.673417 2.55255 2.185355 1.655958 1.067386 0.5547132 0.2335872 0.07105615 0.01043463 0.001251507 0.0001251509 0 0 0 0 0 0 0 0 0 0 0 0 0 0 0 0 0 0 0 0 0 2.433724E-05 0.0002433724 0.0007592247 0.001118529 0.0009022967 0.0004532122 0.0001721796 4.769109E-05 4.769081E-06 0 
0 0 0 0 0 0 0 0 0 0 0 0 0 0 0 0.002919164 0.02919164 0.1235748 0.4592544 1.17675 2.092172 2.966713 3.556376 3.649834 3.236847 2.384305 1.420759 0.6745294 0.2108486 0.02988073 0.004415012 0.01390157 0.1051201 0.3553418 0.8574522 1.666838 2.598292 3.447072 4.131886 4.595909 4.805624 4.738916 4.41873 3.873744 3.121986 2.204972 1.315827 0.6462909 0.2282029 0.05317247 0.03133929 0.08212677 0.2621309 0.6365645 1.185168 1.861474 2.547242 3.11998 3.503434 3.635718 3.494881 3.076383 2.440211 1.672423 0.9510007 0.4417122 0.1451497 0.02658202 0.004536478 0.0004536486 0 0 0 0 0 0 0 0 0 0 0 0 0 0 0 0 0 1.159552E-06 1.159551E-05 8.634783E-05 0.0005550405 0.001795324 0.004198518 0.007766568 0.01015151 0.009212994 0.006405808 0.003591492 0.001476547 0.0004349196 0 
0 0 0 0 0 0 0 0 0 0 0 0 0 0 0 0.002691845 0.02691846 0.1160847 0.44482 1.156509 2.075854 2.970639 3.585715 3.69738 3.293446 2.440606 1.467329 0.7031479 0.2221889 0.03320291 0.008050107 0.02840769 0.1717339 0.538871 1.175175 2.078574 3.017936 3.759845 4.286327 4.613841 4.750008 4.702051 4.483624 4.100512 3.504815 2.670991 1.761338 0.958889 0.3832577 0.1164041 0.07779527 0.1836788 0.4934798 1.065213 1.805248 2.595425 3.322028 3.882586 4.237623 4.35882 4.221799 3.809383 3.14364 2.276441 1.399229 0.7045286 0.2517689 0.05729581 0.01207476 0.001207478 0 0 0 0 0 0 0 0 0 0 0 0 0 0 0 0 0 1.159555E-05 0.0001159555 0.0008634808 0.005550422 0.01730593 0.03551159 0.05747048 0.07176246 0.06812906 0.0520028 0.03133504 0.01349693 0.00422235 0 
0 0 0 0 0 0 0 0 0 0 0 0 0 0 0 0.002471871 0.02471871 0.1086153 0.4286385 1.129605 2.045776 2.953175 3.588856 3.719679 3.330225 2.484852 1.508859 0.7303538 0.2333499 0.03699296 0.01527407 0.0544815 0.2598298 0.7495779 1.501314 2.440007 3.315598 3.892477 4.196807 4.302672 4.309879 4.303432 4.2538 4.103111 3.738024 3.069726 2.212101 1.32082 0.5995777 0.2245314 0.1585859 0.3429992 0.8024012 1.545529 2.40239 3.191807 3.844231 4.315791 4.605023 4.712167 4.605233 4.250411 3.635184 2.775338 1.835146 0.9956465 0.3899874 0.1078316 0.02587697 0.002597733 0.0001003177 0.000332872 0.000660277 0.0009967332 0.00113559 0.0009123787 0.0005365576 0.0002457055 7.219938E-05 7.219938E-06 0 0 0 0 0 0 0 6.349958E-05 0.0006349959 0.003785676 0.02096597 0.06259987 0.1235766 0.1926241 0.237038 0.2276753 0.1781844 0.1100549 0.04902156 0.01612618 7.303682E-07 
0 0 0 0 0 0 0 0 0 0 0 0 0 0 0 0.002270465 0.02270465 0.101647 0.4125293 1.100777 2.010695 2.927386 3.581762 3.732643 3.360411 2.525754 1.549619 0.7577916 0.2447948 0.04138213 0.02689247 0.09420861 0.3688793 0.9777039 1.822305 2.751063 3.518073 3.906123 3.964502 3.805207 3.650001 3.691698 3.839647 3.950683 3.850028 3.392267 2.63976 1.713575 0.8792343 0.3902615 0.2837497 0.5543121 1.158115 2.01932 2.908522 3.604815 4.091873 4.3931 4.56566 4.656552 4.617983 4.387373 3.908219 3.149601 2.22803 1.294045 0.5549195 0.1792147 0.04651222 0.004751549 0.001003177 0.00332872 0.006602769 0.009967332 0.0113559 0.009123788 0.005365576 0.002457055 0.0007219938 7.219938E-05 0 0 0 0 0 0 0 0.0003265542 0.003265542 0.01488817 0.06201856 0.1677795 0.3123412 0.463609 0.5588553 0.5430552 0.4380172 0.2820234 0.1353482 0.04936235 7.303682E-06 
0 0 0 0 0 0 0 0 0 0 0 0 0 0 0 0.002086048 0.02086048 0.09517737 0.3968879 1.071571 1.974187 2.899615 3.572803 3.744541 3.390521 2.567254 1.591256 0.7860043 0.2567351 0.04651168 0.04356425 0.1491914 0.4979239 1.214019 2.126837 3.015892 3.656471 3.863229 3.691259 3.271319 2.947707 3.024897 3.35486 3.71328 3.870617 3.632231 3.018115 2.117512 1.220563 0.6239112 0.4623328 0.8087792 1.527124 2.43419 3.27357 3.817134 4.079615 4.130529 4.125208 4.198428 4.275818 4.246193 3.986612 3.400142 2.557625 1.58202 0.7412148 0.2714837 0.07456399 0.008686217 0.005594623 0.01588036 0.02969928 0.04317358 0.04865921 0.04014532 0.02518581 0.01249314 0.004166405 0.0007552693 0.0001273036 1.27304E-05 0 0 0 0 0 0.0009531997 0.009531998 0.03949596 0.141409 0.3566315 0.6345154 0.9047515 1.071079 1.05089 0.8694155 0.5798585 0.2953652 0.1156719 8.217355E-05 
0 0 0 0 0 0 0 0 0 0 0 0 0 0 0 0.001901395 0.01901395 0.08867702 0.3810022 1.041627 1.936582 2.870918 3.563305 3.75618 3.42084 2.609867 1.634693 0.8158576 0.2697124 0.05267317 0.06569239 0.2202356 0.6462978 1.453339 2.409057 3.237766 3.745232 3.784731 3.413228 2.771251 2.297037 2.382957 2.848486 3.417204 3.810244 3.786454 3.333463 2.513507 1.607702 0.9225072 0.6975847 1.095908 1.887131 2.780454 3.515663 3.878039 3.895218 3.664672 3.460511 3.526878 3.751474 3.959016 3.952733 3.565835 2.832909 1.856413 0.9446906 0.3829873 0.1121431 0.02084394 0.02926168 0.07025962 0.121359 0.1666045 0.184525 0.1587603 0.1091337 0.05957365 0.022459 0.005632184 0.001273035 0.000127304 0 0 0 0 0 0.001854931 0.01854931 0.07409156 0.2475048 0.6009901 1.040831 1.446416 1.691704 1.671118 1.407254 0.9626326 0.5111187 0.209489 0.000627457 
0 0 0 0 0 0 0 0 0 0 0 0 0 0 0 0.001701503 0.01701503 0.08167861 0.3641891 1.010413 1.89768 2.841336 3.553253 3.7671 3.4507 2.653502 1.680536 0.8480703 0.2842449 0.06024571 0.09363619 0.3076165 0.8128168 1.691113 2.664394 3.419717 3.795127 3.683083 3.151642 2.352713 1.76575 1.823953 2.355486 3.080463 3.675767 3.853019 3.575509 2.882897 2.021391 1.279304 0.9910078 1.406198 2.220442 3.057444 3.663841 3.844653 3.632244 3.142294 2.76307 2.843553 3.224447 3.659405 3.888052 3.686768 3.066517 2.116561 1.161392 0.5118616 0.1618046 0.04865938 0.08850399 0.1993821 0.3324896 0.444091 0.4877147 0.4288932 0.3079143 0.1754715 0.06994393 0.01963744 0.004753011 0.0004753028 0 0 0 0 0 0.002877951 0.02877952 0.1128688 0.3631538 0.8622164 1.467277 2.002824 2.32234 2.30642 1.969271 1.375147 0.7549078 0.320327 0.002008507 
0 0 0 0 0 0 0 0 0 0 0 0 0 0 0 0.001500351 0.01500351 0.07461433 0.3470525 0.9783023 1.85733 2.810113 3.541639 3.776711 3.47996 2.697868 1.728198 0.8821632 0.3003806 0.06998375 0.1277487 0.4092204 0.9928935 1.922533 2.890531 3.56419 3.811609 3.561346 2.903937 2.007857 1.347235 1.35297 1.890962 2.715058 3.471815 3.834295 3.741886 3.209232 2.436179 1.678208 1.339416 1.737765 2.525803 3.275861 3.744404 3.754632 3.345981 2.650653 2.141167 2.242882 2.757827 3.383162 3.810119 3.772334 3.263803 2.362262 1.387558 0.6566573 0.2272401 0.100097 0.1939955 0.4146468 0.671451 0.876784 0.9572001 0.8600429 0.6432061 0.3839183 0.1648721 0.05284259 0.01366739 0.001366744 0 0 0 0 0 0.003717641 0.03717642 0.1451308 0.4624168 1.090777 1.843358 2.495281 2.882121 2.872563 2.473423 1.750111 0.981387 0.4254786 0.004030421 
0 0 0 0 0 0 0 0 0 0 0 0 0 0 0 0.001314569 0.01314569 0.06800189 0.3303461 0.945857 1.815562 2.776618 3.527517 3.784458 3.508445 2.742485 1.776796 0.9174135 0.3180874 0.08271705 0.1683452 0.5223778 1.181234 2.142919 3.08589 3.673616 3.799166 3.421417 2.664491 1.720365 1.022878 0.9664476 1.467087 2.333009 3.204044 3.734324 3.832177 3.477662 2.826998 2.101591 1.737787 2.089966 2.805753 3.44837 3.781395 3.639015 3.078712 2.254025 1.671557 1.78576 2.385149 3.14471 3.724178 3.826461 3.428729 2.593339 1.6195 0.8158998 0.3113228 0.180047 0.3492154 0.7142739 1.127623 1.443303 1.568235 1.439062 1.117831 0.6963658 0.3197266 0.11323 0.03054777 0.003054787 0 0 0 0 0 0.004113376 0.04113376 0.1617149 0.5229934 1.243985 2.108558 2.856936 3.302671 3.297399 2.847876 2.026896 1.148272 0.5032243 0.006354229 
0 0 0 0 0 0 0 0 0 0 0 0 0 0 0 0.001147702 0.01147702 0.06197261 0.3144396 0.9138571 1.773435 2.741753 3.511305 3.7901 3.535253 2.785965 1.82485 0.9528392 0.3373194 0.09935266 0.2155215 0.6434748 1.371711 2.348624 3.251075 3.750955 3.761815 3.267617 2.433152 1.478677 0.7764395 0.6619486 1.098306 1.952427 2.886514 3.562939 3.849779 3.680707 3.177279 2.531955 2.17479 2.461999 3.069177 3.588084 3.788071 3.508675 2.832945 1.938314 1.325014 1.439126 2.079043 2.927955 3.62553 3.850971 3.564235 2.809327 1.853805 0.9875516 0.41088 0.2744246 0.5203016 1.038929 1.619062 2.049759 2.223563 2.071354 1.6505 1.058634 0.5084778 0.1911106 0.05273018 0.005273037 0 0 0 0 0 0.004219352 0.04219352 0.167555 0.5532043 1.331137 2.268714 3.084909 3.573032 3.568187 3.081816 2.196907 1.249289 0.5499923 0.008336844 
0 0 0 0 0 0 0 0 0 0 0 0 0 0 0 0.00100083 0.0100083 0.0565789 0.2995704 0.8829344 1.73189 2.706395 3.493489 3.793542 3.559726 2.827308 1.871344 0.9877771 0.3580997 0.1206356 0.2690924 0.7686814 1.558228 2.536404 3.387299 3.799582 3.703938 3.105233 2.211398 1.2729 0.5923557 0.4357202 0.7968614 1.591157 2.535154 3.331596 3.799268 3.8136 3.473888 2.952584 2.637197 2.851829 3.32505 3.707202 3.774764 3.370057 2.604283 1.677921 1.058197 1.158903 1.806466 2.714687 3.508986 3.847478 3.67283 3.009367 2.086791 1.169202 0.5217867 0.366958 0.6694028 1.323211 2.056631 2.595802 2.820083 2.655165 2.151465 1.408905 0.6997067 0.2739506 0.07668415 0.007668637 7.340872E-08 7.340827E-09 0 0 0 0.004254575 0.04254575 0.1698644 0.5669296 1.372214 2.34505 3.19381 3.700299 3.690448 3.181472 2.264885 1.286681 0.5662962 0.009313747 
0 0 0 0 0 0 0 0 0 0 0 0 0 0 0 0.0008733188 0.008733189 0.05178659 0.2855651 0.852605 1.690152 2.669718 3.473624 3.795241 3.583372 2.868779 1.918615 1.023743 0.3808766 0.1462615 0.327406 0.8938192 1.735724 2.704455 3.49726 3.824831 3.632595 2.942914 2.005025 1.098369 0.4567577 0.2749919 0.5594775 1.259368 2.168715 3.055715 3.688521 3.880449 3.715818 3.351306 3.106721 3.25018 3.576512 3.812012 3.745079 3.223236 2.386631 1.456605 0.8490293 0.9288806 1.561255 2.504503 3.376387 3.818446 3.755488 3.19056 2.312904 1.356763 0.6402536 0.4472274 0.7720736 1.522875 2.379367 3.014823 3.292141 3.127222 2.564316 1.705172 0.8681706 0.3498209 0.09887568 0.009889558 7.340877E-07 7.340833E-08 0 0 0 0.004412108 0.04412108 0.1754406 0.580788 1.399333 2.384731 3.239259 3.742507 3.719877 3.194268 2.263545 1.277781 0.559016 0.008795979 
0 0 0 0 0 0 0 0 0 0 0 0 0 0 0 0.0007624554 0.007624554 0.04748741 0.2720629 0.8220232 1.646998 2.630588 3.451174 3.795729 3.607913 2.913021 1.969494 1.062691 0.4063228 0.175833 0.3886704 1.015078 1.900027 2.851846 3.584196 3.832235 3.554734 2.788985 1.819824 0.9514742 0.3569302 0.1659481 0.3800908 0.965758 1.806571 2.751699 3.526371 3.887381 3.904849 3.717789 3.565214 3.646673 3.824923 3.906847 3.700867 3.067081 2.174055 1.260779 0.6802962 0.7382469 1.341759 2.299775 3.230642 3.766521 3.813082 3.349893 2.526412 1.545731 0.7629261 0.5083595 0.8121246 1.607164 2.543794 3.259046 3.592891 3.442931 2.84958 1.91763 0.9953577 0.409747 0.1166611 0.01169932 1.246689E-05 1.246682E-06 0 0 0 0.004848353 0.04848353 0.189895 0.6092901 1.441987 2.432822 3.276688 3.759361 3.71422 3.169285 2.22694 1.241006 0.5357434 0.006559653 
0 0 0 0 0 0 0 0 0 0 0 0 0 0 0 0.0006547548 0.006547548 0.04321525 0.2579895 0.7892872 1.600248 2.587725 3.426039 3.795443 3.634198 2.961724 2.026402 1.10704 0.4360321 0.2094414 0.4517161 1.131209 2.051288 2.981476 3.653133 3.826575 3.473958 2.646427 1.657239 0.8297104 0.2853846 0.09751736 0.2514097 0.7178975 1.468987 2.43791 3.324098 3.843741 4.047391 4.048191 4.000421 4.031524 4.066792 3.990223 3.640213 2.899582 1.963277 1.083383 0.5426946 0.5807136 1.146497 2.101705 3.07407 3.694551 3.84741 3.485745 2.722377 1.730787 0.8887272 0.5589061 0.8095003 1.605084 2.583162 3.359937 3.750883 3.631294 3.036059 2.0699 1.096967 0.4618775 0.1327424 0.01355396 0.0001051422 1.051416E-05 0 0 0 0.005525655 0.05525655 0.2121385 0.6515629 1.501781 2.495824 3.31941 3.769651 3.693382 3.124316 2.169215 1.186183 0.5019693 0.003795732 
0 0 0 0 0 0 0 0 0 0 0 0 0 0 0 0.0005374223 0.005374223 0.03853247 0.2423721 0.7527416 1.548089 2.54021 3.398314 3.794683 3.662554 3.015772 2.090905 1.158615 0.4713919 0.2472809 0.5157633 1.241666 2.190413 3.096571 3.708883 3.812125 3.393039 2.516813 1.517285 0.7303381 0.235448 0.05899899 0.1652345 0.5213158 1.174057 2.131939 3.093776 3.760073 4.15114 4.340594 4.402088 4.395453 4.297549 4.059473 3.560736 2.718948 1.751903 0.9189669 0.4287672 0.4511881 0.9743922 1.91172 2.90931 3.605656 3.860578 3.597157 2.896686 1.906969 1.016742 0.6086465 0.7878121 1.552913 2.541395 3.361546 3.807929 3.734429 3.164515 2.195212 1.195307 0.5179818 0.1511689 0.01623537 0.0004204618 4.204593E-05 0 0 0 0.006369072 0.06369071 0.2397936 0.7037653 1.574904 2.572583 3.372017 3.783426 3.669322 3.070875 2.100732 1.121653 0.4628176 0.00174551 
0 0 0 0 0 0 0 0 0 0 0 0 0 0 0 0.0004125711 0.004125711 0.03353015 0.2255592 0.7132648 1.491874 2.489452 3.368835 3.793015 3.691085 3.0722 2.159841 1.215223 0.5116314 0.2896727 0.581751 1.347544 2.318533 3.198506 3.753199 3.790894 3.313125 2.398593 1.395734 0.6480905 0.2001168 0.03917258 0.1091444 0.3704312 0.9259833 1.844818 2.849805 3.650913 4.226898 4.598147 4.766093 4.731593 4.510998 4.110622 3.461032 2.525595 1.54022 0.765159 0.3342184 0.3472272 0.8266073 1.733774 2.741524 3.504351 3.855607 3.685778 3.049361 2.072248 1.144751 0.6592965 0.756547 1.47078 2.449724 3.304186 3.810017 3.799575 3.279198 2.331032 1.318118 0.5944267 0.1787305 0.02178792 0.001471731 0.0001471722 0 0 0 0.00727399 0.0727399 0.2694511 0.7596328 1.652948 2.654596 3.428874 3.799196 3.644142 3.014086 2.029085 1.055414 0.4233116 0.000537409 
0 0 0 0 0 0 0 0 0 0 0 0 0 0 0 0.0002873474 0.002873474 0.02847829 0.2083498 0.6726009 1.43401 2.437551 3.338648 3.790026 3.717745 3.127451 2.229043 1.273608 0.5551265 0.3364159 0.6503824 1.449807 2.436591 3.28831 3.787377 3.764476 3.234998 2.289823 1.288037 0.577745 0.1729626 0.02780463 0.07107449 0.2577847 0.7255193 1.585298 2.606186 3.530853 4.285547 4.824853 5.089738 5.033886 4.700869 4.139469 3.339849 2.320614 1.329594 0.6207517 0.255599 0.2665617 0.7039828 1.57164 2.576011 3.395335 3.835749 3.753879 3.181438 2.225541 1.270716 0.7111589 0.7216482 1.373049 2.33216 3.220936 3.796335 3.867175 3.418349 2.511535 1.493086 0.7096252 0.2248723 0.03405318 0.004348074 0.0004348048 0 0 0 0.008150535 0.08150534 0.2981655 0.8136152 1.728133 2.733454 3.483485 3.813751 3.617956 2.957233 1.960344 0.9943377 0.3877892 7.31687E-05 
0 0 0 0 0 0 0 0 0 0 0 0 0 0 0 0.0001841839 0.001841839 0.02419157 0.1929241 0.6351507 1.380039 2.388455 3.309331 3.786174 3.741835 3.178297 2.293057 1.328148 0.5972925 0.3840491 0.7192304 1.546984 2.544174 3.366817 3.813037 3.734198 3.158896 2.189324 1.191958 0.5168668 0.1513388 0.02110351 0.04531485 0.1757648 0.5666542 1.35499 2.372209 3.410819 4.33534 5.024744 5.372731 5.298752 4.862072 4.141757 3.195873 2.106946 1.125226 0.4884318 0.191373 0.2053168 0.6031874 1.425475 2.416415 3.28297 3.804726 3.804901 3.295883 2.368491 1.394993 0.764123 0.681928 1.255622 2.182083 3.105189 3.761134 3.931784 3.580651 2.746916 1.742109 0.8896672 0.3122322 0.06639365 0.01322194 0.001322186 0 0 0 0.009026955 0.09026954 0.326804 0.8668726 1.801038 2.808702 3.534438 3.825098 3.588802 2.898966 1.894202 0.938889 0.3565787 7.303682E-06 
0 0 0 0 0 0 0 0 0 0 0 0 0 0 0 0.0001227587 0.001227587 0.02139649 0.1813122 0.6051441 1.335381 2.346107 3.282577 3.78208 3.762881 3.221885 2.34691 1.373596 0.6336349 0.4287993 0.785263 1.637012 2.640472 3.434672 3.831777 3.701463 3.085319 2.096554 1.106179 0.4638698 0.1334734 0.01663143 0.02758498 0.1171124 0.4426195 1.154725 2.156702 3.301137 4.383851 5.20179 5.615406 5.523377 4.990227 4.114078 3.028784 1.888457 0.9330302 0.3713766 0.1401802 0.1593382 0.5202092 1.29461 2.265647 3.171161 3.766099 3.842291 3.395774 2.502947 1.518214 0.8183039 0.6358857 1.112705 1.989009 2.943775 3.689888 3.978378 3.755199 3.037991 2.079605 1.157815 0.4648548 0.1342982 0.03331745 0.003579813 9.326595E-05 9.499475E-06 1.72883E-06 0.009964799 0.09960201 0.3571366 0.9221053 1.874077 2.881583 3.581477 3.831663 3.554398 2.83693 1.828764 0.8878192 0.3289364 7.303682E-07 
0 0 0 0 0 0 0 0 0 0 0 0 0 0 0 9.093753E-05 0.0009093754 0.01974542 0.1732659 0.5831289 1.301568 2.312595 3.260265 3.77851 3.780457 3.257325 2.38978 1.409334 0.6631662 0.4682833 0.8449475 1.716718 2.723642 3.49158 3.844694 3.668357 3.016841 2.014029 1.032571 0.4194685 0.1190601 0.01363198 0.01582424 0.07683557 0.3488659 0.9877824 1.970457 3.212127 4.437234 5.359537 5.819457 5.707104 5.084027 4.058161 2.844306 1.672704 0.7594014 0.2718101 0.09979955 0.1243965 0.4511221 1.177033 2.123908 3.061431 3.722 3.868385 3.482893 2.62926 1.640263 0.8755884 0.5872753 0.9468017 1.749896 2.723777 3.560352 3.98039 3.9131 3.353286 2.480871 1.512691 0.7020324 0.2564933 0.07308561 0.009789387 0.0009326594 9.499475E-05 1.728829E-05 0.0111073 0.1106131 0.3925344 0.9845432 1.952278 2.955589 3.626223 3.833158 3.512656 2.767398 1.758983 0.8360075 0.3016989 0 
0 0 0 0 0 0 0 0 0 0 0 0 0 0 0 7.283016E-05 0.0007283016 0.01874336 0.1680618 0.5685717 1.278662 2.288831 3.243675 3.776071 3.794439 3.284707 2.422332 1.436174 0.6859699 0.5008345 0.8952143 1.783273 2.792112 3.537374 3.852964 3.637176 2.95637 1.94451 0.9731137 0.3844748 0.1079747 0.01165234 0.008404932 0.05045966 0.2811691 0.8570853 1.822837 3.151431 4.498098 5.497984 5.98357 5.846985 5.140904 3.975866 2.649059 1.467442 0.6099989 0.1913606 0.06804993 0.09666153 0.3923364 1.070605 1.990792 2.954578 3.673995 3.88522 3.558977 2.747866 1.761227 0.9383453 0.5413859 0.7640643 1.46646 2.435292 3.350743 3.910414 4.022928 3.655113 2.912056 1.944379 1.037784 0.450719 0.1430161 0.02453399 0.003846798 0.0003928643 8.184558E-05 0.01265908 0.1244137 0.4361211 1.058932 2.04017 3.033901 3.670308 3.829604 3.461948 2.687111 1.680196 0.7785982 0.271855 0 
0 0 0 0 0 0 0 0 0 0 0 0 0 0 0 6.182402E-05 0.0006182401 0.01808524 0.1644083 0.558126 1.26181 2.27054 3.230343 3.774268 3.806498 3.308063 2.449987 1.458897 0.7050537 0.5276969 0.9362747 1.837051 2.846942 3.573635 3.858711 3.610788 2.906729 1.889184 0.927251 0.3579846 0.09972177 0.01037992 0.004077101 0.03434857 0.2350348 0.7609739 1.712686 3.110625 4.54918 5.596267 6.08706 5.924166 5.147618 3.864716 2.449005 1.277877 0.4855974 0.1290366 0.04385143 0.07477237 0.3421916 0.973755 1.864974 2.849474 3.621705 3.89416 3.626745 2.861234 1.88317 1.010066 0.507464 0.5842683 1.161498 2.086231 3.049774 3.747613 4.056042 3.900803 3.323513 2.416371 1.459238 0.7255612 0.2626041 0.0625937 0.01365921 0.001401779 0.0003585857 0.01511157 0.1415773 0.4879328 1.144585 2.136672 3.115582 3.713539 3.821609 3.403212 2.597004 1.593216 0.7161965 0.2397268 0 
0 0 0 0 0 0 0 0 0 0 0 0 0 0 0 5.32897E-05 0.0005328971 0.01751338 0.1609598 0.5480565 1.245417 2.252574 3.217069 3.77227 3.818425 3.331878 2.47876 1.482836 0.7238925 0.5506018 0.9688334 1.878784 2.889372 3.601981 3.863991 3.591852 2.870397 1.848812 0.8940339 0.3388878 0.09379128 0.009551221 0.001720662 0.02511097 0.2053401 0.6944121 1.631843 3.071004 4.560908 5.620978 6.097464 5.909002 5.081721 3.715579 2.246005 1.106689 0.3854481 0.08329371 0.02630309 0.05777907 0.2993135 0.8849235 1.744896 2.744679 3.564433 3.896199 3.688605 2.971762 2.008099 1.093711 0.4942915 0.4283462 0.8615931 1.690984 2.653636 3.476677 3.987062 4.050664 3.667006 2.887893 1.945209 1.084294 0.4511082 0.1401044 0.03601069 0.003943499 0.001087502 0.01889392 0.1623486 0.5471288 1.239529 2.239555 3.198942 3.755291 3.809705 3.337829 2.499 1.500227 0.6507817 0.2064754 0 
0 0 0 0 0 0 0 0 0 0 0 0 0 0 0 4.52193E-05 0.000452193 0.01686447 0.1566174 0.5351024 1.224359 2.229767 3.20004 3.768321 3.830928 3.359406 2.513522 1.512673 0.7458436 0.5712944 0.9932745 1.90816 2.919055 3.622561 3.869501 3.581217 2.847892 1.823181 0.8726951 0.3265525 0.08995616 0.009057342 0.0006169808 0.01998698 0.1834581 0.6366925 1.540643 2.968311 4.449705 5.484273 5.931086 5.723019 4.876189 3.483761 2.01798 0.9439188 0.3045468 0.0518945 0.01447704 0.04472845 0.2621157 0.802044 1.62852 2.638849 3.50154 3.890822 3.744081 3.079381 2.135755 1.187939 0.5039079 0.3105511 0.5949577 1.284985 2.192872 3.108922 3.807379 4.087891 3.918545 3.319161 2.451518 1.507473 0.7173616 0.271139 0.07795063 0.01041601 0.002841417 0.02377509 0.1855374 0.6106944 1.339516 2.345297 3.281863 3.794155 3.793365 3.267259 2.396748 1.406163 0.5871215 0.1749631 0 
0 0 0 0 0 0 0 0 0 0 0 0 0 0 0 3.618588E-05 0.0003618588 0.01601061 0.1504816 0.5165673 1.194357 2.197727 3.175912 3.76076 3.844387 3.393091 2.558069 1.552219 0.7737579 0.5912376 1.009837 1.92486 2.935679 3.635424 3.875621 3.579219 2.839228 1.811874 0.8625787 0.320508 0.08806408 0.008822634 0.0001620034 0.01651058 0.1607966 0.5660985 1.397899 2.737988 4.133598 5.101227 5.507524 5.290421 4.465359 3.124384 1.741598 0.7783203 0.2371034 0.03225087 0.007363292 0.03469216 0.2290994 0.7232616 1.514135 2.530982 3.432602 3.87745 3.792324 3.183434 2.265119 1.290419 0.536406 0.2413552 0.3866415 0.906176 1.705952 2.663606 3.514519 4.002126 4.060451 3.673281 2.93239 1.971293 1.065872 0.468529 0.1483236 0.02510526 0.006853309 0.02966479 0.2102256 0.6762651 1.441188 2.451075 3.362489 3.828584 3.771649 3.192445 2.293392 1.315503 0.5296209 0.1478521 0 
0 0 0 0 0 0 0 0 0 0 0 0 0 0 0 2.562736E-05 0.0002562735 0.01494198 0.1426038 0.4926716 1.155759 2.156738 3.144787 3.749466 3.858258 3.431716 2.610931 1.600704 0.8075694 0.6101905 1.018209 1.929541 2.940726 3.641508 3.882169 3.584959 2.843357 1.81423 0.8635167 0.3207704 0.08812749 0.008816546 3.770876E-05 0.01334767 0.1324736 0.4705305 1.18479 2.359269 3.594296 4.458844 4.817433 4.600293 3.836364 2.627062 1.409922 0.6035481 0.1768702 0.02036467 0.003486144 0.02689436 0.199502 0.6484983 1.402483 2.422063 3.358474 3.856657 3.833128 3.282156 2.392935 1.397197 0.586943 0.215226 0.2410948 0.5864744 1.244525 2.181011 3.126055 3.798852 4.088672 3.929698 3.35547 2.448492 1.485618 0.7397172 0.265336 0.06204868 0.01798423 0.03797751 0.2385604 0.7475523 1.548805 2.559508 3.440968 3.856966 3.742159 3.111148 2.187313 1.227223 0.477722 0.1249039 0 
0 0 0 0 0 0 0 0 0 0 0 0 0 0 0 1.371885E-05 0.0001371885 0.01369618 0.1333134 0.4644294 1.110097 2.108153 3.107443 3.734599 3.871881 3.47349 2.669703 1.65634 0.8463913 0.6275055 1.018043 1.922925 2.935681 3.641702 3.888882 3.597456 2.859153 1.829498 0.8752471 0.3272959 0.09013969 0.009014373 3.77088E-06 0.009602039 0.09592009 0.3447543 0.8963982 1.833881 2.842149 3.573166 3.879061 3.66992 3.0034 2.001807 1.027775 0.4185952 0.1191787 0.01241159 0.001415571 0.02069845 0.1728515 0.5781397 1.294792 2.313324 3.280025 3.829102 3.866502 3.373948 2.51608 1.504533 0.6499581 0.2231455 0.1566121 0.3512403 0.8563405 1.703099 2.665498 3.488763 4.00275 4.07289 3.69334 2.910899 1.959437 1.087736 0.4469498 0.1363765 0.0418871 0.05093691 0.2739298 0.8300922 1.668636 2.674582 3.517898 3.877582 3.701961 3.020018 2.075343 1.13875 0.4296719 0.1052351 0 
0 0 0 0 0 0 0 0 0 0 0 0 0 0 0 4.194029E-06 4.194029E-05 0.01247717 0.1236568 0.4347031 1.061409 2.055068 3.06525 3.71649 3.884784 3.516781 2.731634 1.71583 0.8873358 0.6417948 1.009328 1.905125 2.920267 3.635698 3.895583 3.616486 2.886092 1.856628 0.8964564 0.3391902 0.09381392 0.009381419 0 0.005872983 0.05872983 0.2151072 0.5888586 1.254749 1.995694 2.562505 2.805193 2.620898 2.090288 1.34652 0.6541393 0.2495865 0.06929515 0.007020491 0.0004614095 0.01615109 0.1496853 0.5135759 1.192771 2.205472 3.196969 3.794824 3.89312 3.459307 2.634487 1.611561 0.7205225 0.2511887 0.1151531 0.1925103 0.5525506 1.260895 2.171934 3.097987 3.810149 4.10117 3.934814 3.328339 2.448852 1.494548 0.7003004 0.2600244 0.085338 0.07411703 0.3241017 0.9342924 1.811386 2.802993 3.594607 3.888152 3.646343 2.912196 1.949761 1.043726 0.3815112 0.08699486 0 
0 0 0 0 0 0 0 0 0 0 0 0 0 0 0 4.194029E-07 4.194029E-06 0.0114795 0.1146842 0.4064164 1.013928 2.001003 3.020111 3.695818 3.896553 3.559808 2.793701 1.77555 0.9272801 0.6517009 0.9922606 1.876323 2.894067 3.623033 3.902033 3.641843 2.92371 1.894661 0.9259304 0.355624 0.09888394 0.009888425 0 0.002924188 0.02924187 0.1101657 0.3238235 0.7259521 1.19103 1.567977 1.733634 1.59757 1.237811 0.7683941 0.3509754 0.123416 0.03320816 0.003334816 9.515788E-05 0.01329371 0.1304503 0.4559677 1.097835 2.099042 3.109005 3.753875 3.913761 3.539158 2.748887 1.718431 0.7948937 0.2866321 0.09783627 0.09629024 0.3354766 0.8810454 1.685942 2.655334 3.520408 4.015975 4.072449 3.672194 2.9136 1.937993 1.028295 0.4433876 0.1564522 0.1149447 0.3976995 1.070221 1.98665 2.950375 3.671726 3.885882 3.570239 2.780816 1.803177 0.9362693 0.3297106 0.06858224 0 
0 0 0 0 0 0 0 0 0 0 0 0 0 0 0 0 0 0.01067485 0.1067491 0.3810122 0.9705926 1.950292 2.976552 3.67522 3.906913 3.599685 2.851553 1.831431 0.9636967 0.6567826 0.9679357 1.837703 2.857572 3.603533 3.907576 3.672635 2.971277 1.943488 0.9641036 0.3770047 0.1054868 0.01054871 0 0.001010137 0.01010137 0.04036854 0.1349891 0.3272922 0.5614367 0.765249 0.8577373 0.7764374 0.5788707 0.3424511 0.1439608 0.04445904 0.01130188 0.001132031 1.842742E-05 0.01145282 0.1140377 0.4040931 1.009137 1.994069 3.016896 3.707028 3.929175 3.61492 2.861755 1.828483 0.8758203 0.3288703 0.09706713 0.04572166 0.1910447 0.5748293 1.241457 2.190253 3.147574 3.823677 4.105038 3.925221 3.324063 2.392251 1.419299 0.6908129 0.2702577 0.1886133 0.5041039 1.241037 2.192967 3.113256 3.744972 3.865476 3.468263 2.622449 1.634746 0.8171322 0.2755316 0.05086373 0 
0 0 0 2.237146E-08 2.237138E-07 3.12049E-05 0.0003060982 0.001059886 0.002476148 0.00462855 0.006982807 0.008959825 0.01031944 0.01094094 0.01108133 0.01101846 0.01077791 0.02035146 0.1097814 0.3684365 0.9415964 1.913258 2.943756 3.66056 3.917562 3.634665 2.901503 1.879824 0.9943117 0.656627 0.9372842 1.790225 2.811072 3.576867 3.911438 3.707885 3.028116 2.003359 1.011977 0.4041586 0.1139093 0.0114024 4.300159E-06 0.0002084287 0.002079987 0.009759424 0.04226663 0.115289 0.2096401 0.298025 0.3393717 0.3009796 0.2141501 0.1189617 0.04415421 0.01049805 0.002286704 0.0002288547 1.842736E-06 0.009921508 0.09916576 0.3562869 0.9252236 1.890142 2.92119 3.654868 3.939791 3.687501 2.974962 1.944622 0.966362 0.3789879 0.1073609 0.02410364 0.1023269 0.3483973 0.8677249 1.731767 2.709189 3.533874 4.033663 4.074322 3.655147 2.830976 1.856372 1.002564 0.4411214 0.3107074 0.6521911 1.447813 2.425818 3.285734 3.808854 3.821183 3.335308 2.435129 1.445886 0.6889701 0.2212702 0.03512614 0 
0 0 0 2.237126E-07 2.237118E-06 0.0003120462 0.003060955 0.01059877 0.02476125 0.04628509 0.06982744 0.08959745 0.1031935 0.1094085 0.1108123 0.1101837 0.1077781 0.1129191 0.1918616 0.4311326 0.9819613 1.935358 2.956259 3.675155 3.941888 3.670923 2.945168 1.920061 1.017779 0.6500759 0.8993466 1.732489 2.752735 3.541467 3.912548 3.746787 3.094116 2.075834 1.0723 0.4391822 0.1249349 0.01260791 4.30012E-05 4.452018E-05 0.0004022006 0.002151348 0.01081495 0.03105144 0.05784423 0.08370077 0.09594799 0.08439097 0.05888431 0.03186228 0.01118729 0.002275249 0.0004347822 4.347822E-05 0 0.008506915 0.08506888 0.3106101 0.8432724 1.784674 2.820078 3.596134 3.944146 3.754265 3.084993 2.063942 1.064948 0.4360899 0.1246049 0.01854513 0.05166572 0.1924928 0.5724754 1.305711 2.239241 3.170566 3.866897 4.119899 3.898248 3.228277 2.305246 1.360445 0.6725274 0.49139 0.8470529 1.686005 2.673397 3.45638 3.855513 3.747069 3.168315 2.22222 1.245051 0.5592185 0.1706438 0.02271112 0 
0 0 0 2.282294E-05 0.0002282286 0.001868283 0.01261193 0.04075155 0.0919043 0.1679019 0.2505429 0.3201804 0.368522 0.3913143 0.3971781 0.395532 0.3877071 0.3827043 0.4436275 0.6542164 1.167921 2.07944 3.061194 3.750709 3.998377 3.717448 2.985531 1.952049 1.032944 0.6359594 0.8530675 1.662986 2.680659 3.495729 3.909771 3.788331 3.16882 2.162061 1.147475 0.4840312 0.1393957 0.01440054 0.0001732834 2.135034E-05 4.022006E-05 0.0002151348 0.001081495 0.003116419 0.005897169 0.00871959 0.01009088 0.008788609 0.006001177 0.003197503 0.001118729 0.0002275248 4.347822E-05 4.347822E-06 0 0.007130904 0.0713088 0.2658196 0.761385 1.67579 2.711771 3.528475 3.938581 3.809664 3.185109 2.180366 1.16741 0.4978963 0.1450002 0.01815381 0.02279742 0.09490438 0.3576407 0.9355236 1.773963 2.760598 3.61545 4.065696 4.049098 3.561023 2.731929 1.745194 0.9667249 0.7402366 1.093781 1.950849 2.923223 3.613079 3.876777 3.637479 2.965102 1.988331 1.041817 0.4357007 0.127053 0.01460004 0 
0 0 0 0.0002222793 0.002222785 0.01038243 0.04469799 0.1255886 0.260394 0.4478361 0.6480194 0.818513 0.9402752 1.002879 1.024175 1.024436 1.010175 0.9934096 1.032905 1.206344 1.658146 2.477551 3.355939 3.951828 4.12441 3.792146 3.028484 1.976183 1.038878 0.6137851 0.7986966 1.581959 2.594655 3.439063 3.90186 3.830144 3.249117 2.259407 1.236076 0.5385423 0.1579181 0.0173586 0.000589003 5.89003E-05 0 0 0 4.238574E-06 4.238575E-05 0.0001313958 0.0001864973 0.0001313958 4.238575E-05 4.238574E-06 0 0 0 0 0 0.00588966 0.05889643 0.2251231 0.6845883 1.568067 2.596955 3.444874 3.908151 3.83424 3.254622 2.274625 1.258612 0.5557892 0.1652575 0.02022168 0.008556697 0.04110951 0.2118901 0.6334738 1.346646 2.33347 3.295383 3.922021 4.112887 3.822076 3.121389 2.149579 1.329424 1.068713 1.401233 2.241866 3.166046 3.74507 3.864929 3.488636 2.726734 1.740229 0.8454877 0.3237974 0.09058218 0.009558219 0 
0 0 0 0.0007316294 0.007316268 0.03062572 0.1116438 0.2901813 0.5689039 0.9349295 1.319261 1.649794 1.891879 2.025298 2.078972 2.087317 2.06859 2.043497 2.063601 2.194374 2.553878 3.212106 3.897991 4.313136 4.336155 3.898376 3.070416 1.987396 1.032192 0.5824813 0.7369288 1.490527 2.495208 3.370687 3.886379 3.868051 3.329825 2.363133 1.334882 0.6014662 0.1807445 0.02198681 0.001470791 0.0001470791 0 0 0 4.238582E-07 4.238582E-06 1.31396E-05 1.864976E-05 1.31396E-05 4.238582E-06 4.238582E-07 0 0 0 0 0 0.004887953 0.04887938 0.1917494 0.6173047 1.463764 2.471792 3.331796 3.830212 3.800889 3.266093 2.32197 1.319481 0.5989168 0.1816592 0.02328677 0.003429999 0.01645415 0.1210826 0.4070711 0.9859982 1.917149 2.924161 3.70068 4.096069 4.00748 3.463088 2.568817 1.766058 1.487519 1.778304 2.559291 3.393552 3.84223 3.812747 3.297803 2.455591 1.485098 0.6647092 0.2280557 0.06081 0.006130969 0 
0 0 0 0.001423155 0.0142315 0.05724588 0.1938996 0.4836792 0.9177878 1.465525 2.033098 2.524094 2.889457 3.099347 3.191798 3.213609 3.196279 3.170655 3.178964 3.270882 3.529392 3.998531 4.455342 4.656516 4.503619 3.94329 3.04779 1.94736 0.9945167 0.5368254 0.6698117 1.393317 2.385098 3.287643 3.853868 3.888431 3.395981 2.459679 1.433756 0.6671569 0.206018 0.02800542 0.002783293 0.0002783293 0 0 0 0 0 0 0 0 0 0 0 0 0 0 0 0.004107617 0.04107605 0.164602 0.5533985 1.344792 2.302771 3.141272 3.647238 3.650536 3.165516 2.278019 1.318262 0.609365 0.1874083 0.02517927 0.002716777 0.007807299 0.06747499 0.2464218 0.6961687 1.527741 2.522331 3.415922 4.003184 4.116354 3.754483 3.000817 2.27696 2.00088 2.230347 2.903396 3.599803 3.896888 3.715489 3.066607 2.158708 1.230466 0.5044562 0.150459 0.03759895 0.003759875 0 
0 0 0 0.002099021 0.02099014 0.08240199 0.2656802 0.6429242 1.189149 1.854251 2.534566 3.125535 3.57076 3.834785 3.9596 3.998058 3.990766 3.975339 3.983707 4.049459 4.22182 4.520335 4.770737 4.784668 4.482949 3.824929 2.891936 1.815568 0.9070834 0.4717345 0.5990309 1.29331 2.263593 3.181291 3.787423 3.869547 3.424818 2.528763 1.517548 0.7270457 0.2307314 0.03482499 0.004417961 0.0004417961 0 0 0 0 0 0 0 0 0 0 0 0 0 0 0 0.003488892 0.03488882 0.141274 0.4846996 1.191228 2.055993 2.82759 3.306327 3.329417 2.903777 2.102529 1.226307 0.5709911 0.1763518 0.02397508 0.002413074 0.003760971 0.03440852 0.1388298 0.475703 1.178011 2.110328 3.081809 3.8376 4.14746 3.992942 3.440791 2.857118 2.608015 2.760079 3.274637 3.780899 3.903297 3.569775 2.798448 1.845004 0.9842923 0.3686847 0.09215653 0.02078494 0.002078482 0 
0 0 0 0.002401496 0.02401488 0.0934469 0.2956711 0.7068499 1.293925 1.997973 2.714168 3.337793 3.81066 4.095765 4.236631 4.288351 4.294885 4.295468 4.312088 4.36412 4.472466 4.63652 4.725022 4.597947 4.193305 3.482907 2.563329 1.571707 0.763742 0.3871152 0.5227408 1.180075 2.106569 3.011045 3.632503 3.750379 3.356492 2.518626 1.547958 0.7594216 0.2470777 0.04078277 0.006043205 0.0006043203 0 0 0 0 0 0 0 0 0 0 0 0 0 0 0 0.00284521 0.02845201 0.1158205 0.4013829 0.9925177 1.724851 2.392993 2.817207 2.847598 2.487651 1.799751 1.046283 0.4853469 0.1492826 0.019932 0.001881124 0.00172065 0.01532538 0.07217096 0.3140494 0.8724619 1.704831 2.708807 3.597574 4.094377 4.167348 3.865141 3.474606 3.284617 3.357984 3.674585 3.942781 3.864831 3.377869 2.502972 1.530029 0.7567296 0.2588964 0.05184782 0.009758688 0.0009758629 0 
0 0 0 0.002045812 0.02045805 0.08042043 0.2600184 0.6305651 1.16985 1.83062 2.508933 3.09953 3.545904 3.813053 3.946219 4.001504 4.019899 4.036324 4.064397 4.11285 4.182423 4.258559 4.242914 4.032912 3.584343 2.883945 2.045717 1.211934 0.5672625 0.2860973 0.4387708 1.041345 1.888291 2.736229 3.336203 3.472414 3.133558 2.378938 1.487003 0.7423042 0.2468483 0.04394174 0.007239411 0.000723941 0 0 0 0 0 0 0 0 0 0 0 0 0 0 0 0.002023066 0.02023061 0.08355464 0.2974128 0.7466592 1.316282 1.856426 2.208043 2.234494 1.942768 1.390237 0.7929065 0.3608055 0.1094377 0.01387431 0.001101718 0.0006643341 0.005541624 0.03466574 0.1992472 0.6138946 1.321315 2.306538 3.280508 3.949211 4.263045 4.242596 4.085099 3.990569 3.99899 4.094651 4.087675 3.78439 3.142538 2.190555 1.229707 0.5574236 0.1754539 0.02740305 0.003705867 0.000370585 0 
0 0 0 0.001344925 0.0134492 0.05429202 0.1851702 0.4641506 0.8866115 1.426272 1.989626 2.479853 2.847419 3.062765 3.168851 3.217614 3.242354 3.269974 3.307617 3.357036 3.407382 3.437231 3.374295 3.145679 2.725713 2.115882 1.433336 0.8110573 0.3613299 0.1861588 0.3465312 0.8672212 1.596722 2.3476 2.89311 3.031471 2.750003 2.099421 1.321748 0.6652354 0.224227 0.04179285 0.007281989 0.0007281989 0 0 0 0 0 0 0 0 0 0 0 0 0 0 0 0.001194148 0.01194145 0.0508788 0.191146 0.4936287 0.8911868 1.289077 1.55496 1.571804 1.35199 0.9478412 0.5218821 0.2289736 0.06777205 0.007843231 0.0004007695 0.0001914255 0.001513485 0.01602326 0.1199718 0.4031295 0.9717817 1.883166 2.88379 3.700472 4.252681 4.514681 4.596812 4.61443 4.576925 4.464238 4.185635 3.652931 2.86391 1.869703 0.9555731 0.3907603 0.1143365 0.01416369 0.001026317 0.0001026311 0 
0 0 0 0.0006759773 0.006759749 0.02841097 0.1042997 0.2724872 0.5388747 0.8943738 1.272139 1.601503 1.846589 1.98631 2.053475 2.087189 2.110448 2.141048 2.181718 2.230619 2.273567 2.2896 2.22944 2.04574 1.731067 1.297966 0.8388953 0.4522129 0.1917395 0.1051394 0.2476492 0.654287 1.231171 1.85106 2.315432 2.442123 2.218381 1.686827 1.052906 0.5260366 0.1766715 0.03270292 0.005652525 0.0005652524 0 0 0 0 0 0 0 0 0 0 0 0 0 0 0 0.0005589068 0.005589051 0.02517514 0.103083 0.2771633 0.5160966 0.7696083 0.9428622 0.9502293 0.8058742 0.5511391 0.2906244 0.1217037 0.03511112 0.003741626 8.666379E-05 2.431395E-05 0.0001564758 0.007000119 0.06583777 0.2405425 0.6677618 1.449751 2.409698 3.337727 4.104682 4.616671 4.910579 5.034433 4.972241 4.698511 4.194746 3.454875 2.540318 1.547652 0.7168877 0.2593446 0.07088286 0.007361312 0.0001026317 1.026311E-05 0 
0 0 0 0.0002035657 0.00203565 0.009478274 0.04063426 0.1142946 0.2392607 0.4164432 0.6094062 0.7786297 0.9034193 0.971544 1.002706 1.020206 1.037012 1.062804 1.097891 1.139509 1.175814 1.19113 1.155858 1.043308 0.8581441 0.6168492 0.3754453 0.189874 0.07605059 0.04870559 0.1554753 0.4356301 0.8453283 1.311987 1.673658 1.77716 1.611241 1.210033 0.7380286 0.3606866 0.1188935 0.02086586 0.003374612 0.0003374612 0 0 0 0 0 0 0 0 0 0 0 0 0 0 0 0.0001653172 0.001653167 0.008617685 0.04220268 0.121608 0.2373798 0.3693192 0.4614078 0.4622465 0.3839604 0.2537606 0.1258375 0.04910093 0.01378557 0.001425139 1.751385E-05 1.944138E-06 1.927531E-06 0.003151971 0.03146788 0.1258343 0.4214663 1.036258 1.889901 2.860496 3.774846 4.473472 4.930396 5.138092 5.066215 4.689248 4.033441 3.147392 2.161954 1.225948 0.513691 0.1603677 0.04097679 0.004097694 0 0 0 
0 0 0 2.035645E-05 0.0002035638 0.001629458 0.01087977 0.03525186 0.08083592 0.1504375 0.2283647 0.297177 0.3474322 0.3735053 0.3846693 0.3918327 0.4008228 0.415861 0.4366153 0.4611807 0.4827702 0.492835 0.4771402 0.423502 0.3377245 0.2311326 0.1301818 0.0599257 0.02187316 0.01870028 0.08362727 0.2477931 0.4992996 0.8053013 1.050289 1.122296 1.01328 0.747724 0.4413766 0.2088904 0.06709357 0.01090106 0.001575819 0.0001575819 0 0 0 0 0 0 0 0 0 0 0 0 0 0 0 1.660852E-05 0.0001660852 0.001728394 0.01286607 0.0414079 0.0862975 0.1415949 0.1809431 0.1798708 0.1456373 0.09220392 0.04201102 0.01462899 0.003925988 0.0003972569 1.751375E-06 1.944127E-07 1.92752E-07 0.00122836 0.01227835 0.05690124 0.242426 0.6743188 1.363318 2.278183 3.230527 4.024766 4.579186 4.83553 4.762436 4.343812 3.628326 2.693366 1.723842 0.9078367 0.3448704 0.09007724 0.02089852 0.002089857 0 0 0 
0 0 0 0 0 0.0002562547 0.002562547 0.008955829 0.02139477 0.04089984 0.06294162 0.08244918 0.09665081 0.1038917 0.1069172 0.1089523 0.1117003 0.1163843 0.1228693 0.1305488 0.1373483 0.1406606 0.13615 0.1201527 0.09476218 0.06371312 0.034828 0.01539058 0.005363975 0.006200289 0.03560521 0.1115458 0.2373012 0.4037085 0.5416307 0.5826014 0.5221429 0.3753356 0.2106183 0.09456079 0.02915458 0.004153829 0.0004655496 4.655496E-05 0 0 0 0 0 0 0 0 0 0 0 0 0 0 0 2.8939E-08 2.893891E-07 0.0003258014 0.003250316 0.01100667 0.0236335 0.03970299 0.0511828 0.05059892 0.04043119 0.02513483 0.01106292 0.003653736 0.0009576853 9.576826E-05 0 0 0 0.0003440311 0.003440249 0.02149335 0.1234234 0.386661 0.8830029 1.649571 2.521063 3.309217 3.890336 4.163262 4.097562 3.686493 2.994778 2.117279 1.25815 0.6124822 0.2116325 0.04447298 0.008763028 0.000876306 0 0 0 
0 0 0 0 0 2.562546E-05 0.0002562547 0.0008955828 0.002139477 0.004089984 0.006294162 0.008244919 0.009665081 0.01038917 0.01069172 0.01089523 0.01117003 0.01163858 0.01228842 0.01306363 0.01378263 0.01419867 0.01379943 0.01214788 0.009524022 0.006380062 0.003484293 0.001539208 0.0005363975 0.00143386 0.01169882 0.03945894 0.09029465 0.1638615 0.2268097 0.2455641 0.2181995 0.1522436 0.0802927 0.0335452 0.009744805 0.00109832 4.655496E-05 4.655496E-06 0 0 0 0 0 0 0 0 0 0 0 0 0 0 0 2.8939E-09 2.893891E-08 3.258014E-05 0.0003250317 0.001109998 0.002456661 0.004259564 0.00552885 0.005349158 0.00413643 0.002522814 0.001106292 0.0003653736 9.576854E-05 9.576825E-06 0 0 0 3.499819E-05 0.0003499757 0.006310907 0.05380001 0.1899863 0.4992521 1.04452 1.722728 2.401309 2.936568 3.19835 3.148884 2.781408 2.182876 1.466252 0.8068188 0.3615233 0.114956 0.01911769 0.002865434 0.0002865444 0 0 0 
0 0 0 0 0 0 0 0 0 0 0 0 0 0 0 0 0 5.611547E-08 5.611581E-07 3.289834E-06 1.797148E-05 4.985328E-05 6.933307E-05 4.985336E-05 1.797154E-05 3.289834E-06 5.611581E-07 5.611631E-08 0 0.0003059505 0.003059499 0.01070192 0.02563638 0.0483743 0.06811399 0.07391149 0.06528182 0.04478404 0.02278293 0.009107605 0.002567415 0.0002567422 0 0 0 0 0 0 0 0 0 0 0 0 0 0 0 0 0 0 0 0 0 3.507936E-06 3.507936E-05 0.0001087461 0.0001543492 0.000108746 3.507933E-05 3.507936E-06 0 0 0 0 0 0 0 2.237134E-07 2.237119E-06 0.00190858 0.01902635 0.07376563 0.2317516 0.5500886 0.991533 1.49156 1.916265 2.134845 2.104485 1.814824 1.362238 0.8617387 0.4333637 0.1755595 0.05215499 0.00720463 0.0007477924 7.477935E-05 0 0 0 
0 0 0 0 0 0 0 0 0 0 0 0 0 0 0 0 0 5.611568E-09 5.611601E-08 3.289846E-07 1.797155E-06 4.985346E-06 6.933331E-06 4.985354E-06 1.79716E-06 3.289846E-07 5.611601E-08 5.611651E-09 0 3.059515E-05 0.000305951 0.001119963 0.003061316 0.006422151 0.009420447 0.01023371 0.008870694 0.005827945 0.002697578 0.0009526916 0.0002567424 2.567432E-05 0 0 0 0 0 0 0 0 0 0 0 0 0 0 0 0 0 0 0 0 0 3.507949E-07 3.507948E-06 1.087465E-05 1.543497E-05 1.087464E-05 3.507942E-06 3.507949E-07 0 0 0 0 0 0 0 2.237166E-08 2.237126E-07 0.0004705699 0.004699776 0.0212303 0.08730911 0.2385956 0.4725135 0.7683219 1.034501 1.17755 1.162877 0.9799533 0.7037194 0.4197947 0.1923631 0.06899067 0.01894941 0.002093855 7.477935E-05 7.477962E-06 0 0 0 
0 0 0 0 0 0 0 0 0 0 0 0 0 0 0 0 0 0 0 0 0 0 0 0 0 0 0 0 0 0 0 1.870939E-05 0.0001870936 0.0005957535 0.0009808363 0.001068622 0.0008806347 0.0005073404 0.0001576229 1.576229E-05 0 0 0 0 0 0 0 0 0 0 0 0 0 0 0 0 0 0 0 0 0 0 0 0 0 0 0 0 0 0 0 0 0 0 0 0 0 0 0 0.0001051546 0.001051552 0.005404262 0.02607149 0.07670675 0.1650902 0.2908731 0.4107974 0.4787357 0.4742637 0.3894879 0.2660061 0.1497547 0.06319316 0.02005316 0.005163119 0.0005163119 0 0 0 0 0 
0 0 0 0 0 0 0 0 0 0 0 0 0 0 0 0 0 0 0 0 0 0 0 0 0 0 0 0 0 0 0 1.870928E-06 1.870925E-05 5.9575E-05 9.808304E-05 0.0001068616 8.806295E-05 5.073374E-05 1.57622E-05 1.57622E-06 0 0 0 0 0 0 0 0 0 0 0 0 0 0 0 0 0 0 0 0 0 0 0 0 0 0 0 0 0 0 0 0 0 0 0 0 0 0 0 1.05154E-05 0.000105154 0.000699835 0.004201253 0.01392126 0.03661165 0.07632068 0.1174342 0.1424193 0.1418929 0.1115504 0.06941014 0.03475628 0.01214632 0.002588011 0.0005163089 5.163088E-05 0 0 0 0 0 
0 0 0 0 0 0 0 0 0 0 0 0 0 0 0 0 0 0 0 0 0 0 0 0 0 0 0 0 0 0 0 0 0 0 0 0 0 0 0 0 0 0 0 0 0 0 0 0 0 0 0 0 0 0 0 0 0 0 0 0 0 0 0 0 0 0 0 0 0 0 0 0 0 0 0 0 0 0 0 0 0 5.992939E-05 0.0005992939 0.002349877 0.00755743 0.01775699 0.02870484 0.03554366 0.03551388 0.02729399 0.01609387 0.007436441 0.002190621 0.0002190608 0 0 0 0 0 0 0 
0 0 0 0 0 0 0 0 0 0 0 0 0 0 0 0 0 0 0 0 0 0 0 0 0 0 0 0 0 0 0 0 0 0 0 0 0 0 0 0 0 0 0 0 0 0 0 0 0 0 0 0 0 0 0 0 0 0 0 0 0 0 0 0 0 0 0 0 0 0 0 0 0 0 0 0 0 0 0 0 0 5.992939E-06 5.992939E-05 0.0002349877 0.000755743 0.001775699 0.002870484 0.003554366 0.003551388 0.002729399 0.001609387 0.0007436441 0.0002190621 2.190608E-05 0 0 0 0 0 0 0 
0 0 0 0 0 0 0 0 0 0 0 0 0 0 0 0 0 0 0 0 0 0 0 0 0 0 0 0 0 0 0 0 0 0 0 0 0 0 0 0 0 0 0 0 0 0 0 0 0 0 0 0 0 0 0 0 0 0 0 0 0 0 0 0 0 0 0 0 0 0 0 0 0 0 0 0 0 0 0 0 0 0 0 0 0 0 0 0 0 0 0 0 0 0 0 0 0 0 0 0 0 
0 0 0 0 0 0 0 0 0 0 0 0 0 0 0 0 0 0 0 0 0 0 0 0 0 0 0 0 0 0 0 0 0 0 0 0 0 0 0 0 0 0 0 0 0 0 0 0 0 0 0 0 0 0 0 0 0 0 0 0 0 0 0 0 0 0 0 0 0 0 0 0 0 0 0 0 0 0 0 0 0 0 0 0 0 0 0 0 0 0 0 0 0 0 0 0 0 0 0 0 0 
0 0 0 0 0 0 0 0 0 0 0 0 0 0 0 0 0 0 0 0 0 0 0 0 0 0 0 0 0 0 0 0 0 0 0 0 0 0 0 0 0 0 0 0 0 0 0 0 0 0 0 0 0 0 0 0 0 0 0 0 0 0 0 0 0 0 0 0 0 0 0 0 0 0 0 0 0 0 0 0 0 0 0 0 0 0 0 0 0 0 0 0 0 0 0 0 0 0 0 0 0 
0 0 0 0 0 0 0 0 0 0 0 0 0 0 0 0 0 0 0 0 0 0 0 0 0 0 0 0 0 0 0 0 0 0 0 0 0 0 0 0 0 0 0 0 0 0 0 0 0 0 0 0 0 0 0 0 0 0 0 0 0 0 0 0 0 0 0 0 0 0 0 0 0 0 0 0 0 0 0 0 0 0 0 0 0 0 0 0 0 0 0 0 0 0 0 0 0 0 0 0 0 
0 0 0 0 0 0 0 0 0 0 0 0 0 0 0 0 0 0 0 0 0 0 0 0 0 0 0 0 0 0 0 0 0 0 0 0 0 0 0 0 0 0 0 0 0 0 0 0 0 0 0 0 0 0 0 0 0 0 0 0 0 0 0 0 0 0 0 0 0 0 0 0 0 0 0 0 0 0 0 0 0 0 0 0 0 0 0 0 0 0 0 0 0 0 0 0 0 0 0 0 0 
0 0 0 0 0 0 0 0 0 0 0 0 0 0 0 0 0 0 0 0 0 0 0 0 0 0 0 0 0 0 0 0 0 0 0 0 0 0 0 0 0 0 0 0 0 0 0 0 0 0 0 0 0 0 0 0 0 0 0 0 0 0 0 0 0 0 0 0 0 0 0 0 0 0 0 0 0 0 0 0 0 0 0 0 0 0 0 0 0 0 0 0 0 0 0 0 0 0 0 0 0 
0 0 0 0 0 0 0 0 0 0 0 0 0 0 0 0 0 0 0 0 0 0 0 0 0 0 0 0 0 0 0 0 0 0 0 0 0 0 0 0 0 0 0 0 0 0 0 0 0 0 0 0 0 0 0 0 0 0 0 0 0 0 0 0 0 0 0 0 0 0 0 0 0 0 0 0 0 0 0 0 0 0 0 0 0 0 0 0 0 0 0 0 0 0 0 0 0 0 0 0 0 
0 0 0 0 0 0 0 0 0 0 0 0 0 0 0 0 0 0 0 0 0 0 0 0 0 0 0 0 0 0 0 0 0 0 0 0 0 0 0 0 0 0 0 0 0 0 0 0 0 0 0 0 0 0 0 0 0 0 0 0 0 0 0 0 0 0 0 0 0 0 0 0 0 0 0 0 0 0 0 0 0 0 0 0 0 0 0 0 0 0 0 0 0 0 0 0 0 0 0 0 0 
0 0 0 0 0 0 0 0 0 0 0 0 0 0 0 0 0 0 0 0 0 0 0 0 0 0 0 0 0 0 0 0 0 0 0 0 0 0 0 0 0 0 0 0 0 0 0 0 0 0 0 0 0 0 0 0 0 0 0 0 0 0 0 0 0 0 0 0 0 0 0 0 0 0 0 0 0 0 0 0 0 0 0 0 0 0 0 0 0 0 0 0 0 0 0 0 0 0 0 0 0 
0 0 0 0 0 0 0 0 0 0 0 0 0 0 0 0 0 0 0 0 0 0 0 0 0 0 0 0 0 0 0 0 0 0 0 0 0 0 0 0 0 0 0 0 0 0 0 0 0 0 0 0 0 0 0 0 0 0 0 0 0 0 0 0 0 0 0 0 0 0 0 0 0 0 0 0 0 0 0 0 0 0 0 0 0 0 0 0 0 0 0 0 0 0 0 0 0 0 0 0 0 
0 0 0 0 0 0 0 0 0 0 0 0 0 0 0 0 0 0 0 0 0 0 0 0 0 0 0 0 0 0 0 0 0 0 0 0 0 0 0 0 0 0 0 0 0 0 0 0 0 0 0 0 0 0 0 0 0 0 0 0 0 0 0 0 0 0 0 0 0 0 0 0 0 0 0 0 0 0 0 0 0 0 0 0 0 0 0 0 0 0 0 0 0 0 0 0 0 0 0 0 0 
0 0 0 0 0 0 0 0 0 0 0 0 0 0 0 0 0 0 0 0 0 0 0 0 0 0 0 0 0 0 0 0 0 0 0 0 0 0 0 0 0 0 0 0 0 0 0 0 0 0 0 0 0 0 0 0 0 0 0 0 0 0 0 0 0 0 0 0 0 0 0 0 0 0 0 0 0 0 0 0 0 0 0 0 0 0 0 0 0 0 0 0 0 0 0 0 0 0 0 0 0 
0 0 0 0 0 0 0 0 0 0 0 0 0 0 0 0 0 0 0 0 0 0 0 0 0 0 0 0 0 0 0 0 0 0 0 0 0 0 0 0 0 0 0 0 0 0 0 0 0 0 0 0 0 0 0 0 0 0 0 0 0 0 0 0 0 0 0 0 0 0 0 0 0 0 0 0 0 0 0 0 0 0 0 0 0 0 0 0 0 0 0 0 0 0 0 0 0 0 0 0 0 
0 0 0 0 0 0 0 0 0 0 0 0 0 0 0 0 0 0 0 0 0 0 0 0 0 0 0 0 0 0 0 0 0 0 0 0 0 0 0 0 0 0 0 0 0 0 0 0 0 0 0 0 0 0 0 0 0 0 0 0 0 0 0 0 0 0 0 0 0 0 0 0 0 0 0 0 0 0 0 0 0 0 0 0 0 0 0 0 0 0 0 0 0 0 0 0 0 0 0 0 0 
0 0 0 0 0 0 0 0 0 0 0 0 0 0 0 0 0 0 0 0 0 0 0 0 0 0 0 0 0 0 0 0 0 0 0 0 0 0 0 0 0 0 0 0 0 0 0 0 0 0 0 0 0 0 0 0 0 0 0 0 0 0 0 0 0 0 0 0 0 0 0 0 0 0 0 0 0 0 0 0 0 0 0 0 0 0 0 0 0 0 0 0 0 0 0 0 0 0 0 0 0 
